{s  -4}
{lt5.089}
msg: 09:59:45 {LT22.3135}
msg: 09:59:45 {LN6.9131}
msg: 09:59:45 {LA1537}
msg: 09:59:45 {O238}
heading = 164
Motor speed, steer 60, -4
{h164}
{h164}
{s  -1}
{s  -1}
time: 1586797185.9430296
raw L/L:22.3135/6.9131
raw hdg: 164
raw speed: 0.48
motion x [[-5.78874392e+02]
 [ 2.26009579e+03]
 [ 5.11682455e+00]
 [ 3.24753424e-01]]
motion u [[0.48      ]
 [0.05234746]]
cov matrix  [[ 2.63043632e-01 -2.35387163e-01  1.47171774e-02  2.12519195e-01]
 [-2.35387163e-01  6.60113651e-01  6.39555035e-03 -4.30082336e-01]
 [ 1.47171774e-02  6.39555035e-03  6.04719907e-03 -2.65894980e-04]
 [ 2.12519195e-01 -4.30082336e-01 -2.65894980e-04  1.60406604e+00]]
eigs [0.15364477 0.76951251] [[-0.90684415  0.42146612]
 [-0.42146612 -0.90684415]]
error ellipse 0.3919754774924902 0.8772186205748903
angle 204.92718430916034
filtered L/L:22.313755332282835/6.912535354365977
Filtered hdg: 153.88558229627705
Filtered speed: 0.4866075333631767
{d  9.1}
{s  -1}
Gps azimuth 164.3}
{c162.8}
{s  -1}
{ln2.578}
{s  -1}
{lt5.043}
msg: 09:59:46 {LT22.3135}
msg: 09:59:46 {LN6.9073}
msg: 09:59:46 {O237}
heading = 163
Motor speed, steer 60, -1
{h163}
{h163}
{s   0}
{s   0}
time: 1586797186.944779
raw L/L:22.3135/6.9073
raw hdg: 163
raw speed: 0.48
motion x [[-5.78689357e+02]
 [ 2.25963962e+03]
 [ 5.16817155e+00]
 [ 4.86607533e-01]]
motion u [[0.48      ]
 [0.01742429]]
cov matrix  [[ 2.76714290e-01 -2.46754967e-01  1.43923689e-02  2.24255543e-01]
 [-2.46754967e-01  6.46661073e-01  7.05195889e-03 -4.24203273e-01]
 [ 1.43923689e-02  7.05195889e-03  6.04838400e-03 -7.43735974e-04]
 [ 2.24255543e-01 -4.24203273e-01 -7.43735974e-04  1.60306792e+00]]
eigs [0.15329966 0.7700757 ] [[-0.89437333  0.44732129]
 [-0.44732129 -0.89437333]]
error ellipse 0.39153500988946577 0.8775395710043178
angle 206.57195025680699
filtered L/L:22.31153159448453/6.91045450180789
Filtered hdg: 152.53469331563576
Filtered speed: 0.3586603613461694
{d  8.9}
{s   0}
Gps azimuth 165.0}
{c162.8}
{s   0}
{ln2.606}
{s   0}
{lt5.043}
msg: 09:59:47 {LT22.3024}
msg: 09:59:47 {LN6.9034}
time: 1586797187.944975
raw L/L:22.3024/6.9034
raw hdg: 163
raw speed: 0.48
motion x [[-5.78515157e+02]
 [ 2.25941443e+03]
 [ 5.19174901e+00]
 [ 3.58660361e-01]]
motion u [[0.48]
 [0.  ]]
cov matrix  [[ 2.82929009e-01 -2.51798150e-01  1.42009742e-02  2.25774054e-01]
 [-2.51798150e-01  6.39538328e-01  7.44898295e-03 -4.23194948e-01]
 [ 1.42009742e-02  7.44898295e-03  6.04947605e-03 -6.66958208e-04]
 [ 2.25774054e-01 -4.23194948e-01 -6.66958208e-04  1.60388932e+00]]
eigs [0.15269703 0.76977031] [[-0.88822979  0.45939943]
 [-0.45939943 -0.88822979]]
error ellipse 0.39076466766920986 0.8773655518484775
angle 207.3483608220945
filtered L/L:22.303257401365556/6.9050618501224985
Filtered hdg: 152.4471940804945
Filtered speed: 0.7744086871059814
{d  7.9}
{s   0}
Gps azimuth 166.5}
{c162.8}
{s   0}
{ln2.542}
{s   0}
{lt5.043}
msg: 09:59:48 {LA1527}
msg: 09:59:48 {O233}
heading = 159
Motor speed, steer 60, 0
{h159}
{h159}
{s   3}
{s   3}
time: 1586797188.9477236
raw L/L:22.3024/6.9034
raw hdg: 159
raw speed: 0.48
motion x [[-5.78063706e+02]
 [ 2.25857653e+03]
 [ 5.19327616e+00]
 [ 7.74408687e-01]]
motion u [[0.48      ]
 [0.06962306]]
cov matrix  [[ 3.09530586e-01 -2.68245811e-01  1.38366421e-02  2.55591477e-01]
 [-2.68245811e-01  6.13958876e-01  8.06485681e-03 -4.06264396e-01]
 [ 1.38366421e-02  8.06485681e-03  6.05115127e-03 -9.64547513e-04]
 [ 2.55591477e-01 -4.06264396e-01 -9.64547513e-04  1.60236973e+00]]
eigs [0.15332138 0.77016808] [[-0.86415375  0.50322787]
 [-0.50322787 -0.86415375]]
error ellipse 0.3915627453110098 0.8775922051169562
angle 210.21378502825985
filtered L/L:22.30132549409657/6.90380030102277
Filtered hdg: 148.3563426814478
Filtered speed: 0.32056649291278955
{d  7.7}
{s   3}
Gps azimuth 167.0}
{c162.8}
{s   3}
{ln2.528}
{s   3}
{lt5.010}
msg: 09:59:49 {LT22.2970}
msg: 09:59:49 {LN6.9034}
msg: 09:59:49 {O231}
heading = 157
Motor speed, steer 60, 3
{h157}
{h157}
{s   5}
{s   5}
msg: 09:59:49 {LT22.2865}
msg: 09:59:49 {LN6.8951}
time: 1586797189.9482558
raw L/L:22.2865/6.8951
raw hdg: 157
raw speed: 0.48
motion x [[-5.77958094e+02]
 [ 2.25838090e+03]
 [ 5.26467499e+00]
 [ 3.20566493e-01]]
motion u [[0.48      ]
 [0.03488789]]
cov matrix  [[ 3.33964038e-01 -2.80331380e-01  1.34083602e-02  2.73454467e-01]
 [-2.80331380e-01  5.89408571e-01  8.70948879e-03 -3.94383921e-01]
 [ 1.34083602e-02  8.70948879e-03  6.05371084e-03 -1.13112278e-03]
 [ 2.73454467e-01 -3.94383921e-01 -1.13112278e-03  1.60298766e+00]]
eigs [0.15363004 0.76974257] [[-0.84101336  0.54101435]
 [-0.54101435 -0.84101336]]
error ellipse 0.3919566848172509 0.87734973982393
angle 212.7527166722689
filtered L/L:22.28961071240748/6.895231891549418
Filtered hdg: 146.53551858315808
Filtered speed: 1.0411255833699207
{d  6.4}
{s   5}
Gps azimuth 170.8}
{c162.8}
{s   5}
{ln2.504}
{s   5}
{lt5.010}
msg: 09:59:50 {O234}
heading = 160
Motor speed, steer 60, 5
{h160}
{h160}
{s   2}
{s   2}
msg: 09:59:50 {O236}
heading = 162
Motor speed, steer 60, 2
{h162}
{h162}
{s   0}
{s   0}
time: 1586797190.9511578
raw L/L:22.2865/6.8951
raw hdg: 162
raw speed: 0.48
motion x [[-5.77240782e+02]
 [ 2.25719458e+03]
 [ 5.29645436e+00]
 [ 1.04112558e+00]]
motion u [[ 0.48      ]
 [-0.08701264]]
cov matrix  [[ 3.09480129e-01 -2.68337534e-01  1.36318789e-02  2.32451742e-01]
 [-2.68337534e-01  6.13692484e-01  8.42672288e-03 -4.19569740e-01]
 [ 1.36318789e-02  8.42672288e-03  6.05449248e-03 -6.23286763e-05]
 [ 2.32451742e-01 -4.19569740e-01 -6.23286763e-05  1.60285560e+00]]
eigs [0.15313644 0.77003618] [[-0.86404021  0.50342281]
 [-0.50342281 -0.86404021]]
error ellipse 0.39132651002630753 0.8775170512017485
angle 210.2267107053567
filtered L/L:22.28684384018692/6.893279051027517
Filtered hdg: 151.69242198653984
Filtered speed: 0.38453258854828526
{d  6.1}
{s   0}
Gps azimuth 171.9}
{c162.8}
{s   0}
{ln2.494}
{s   0}
{lt5.010}
msg: 09:59:51 {LT22.2764}
msg: 09:59:51 {LN6.8879}
msg: 09:59:51 {O237}
heading = 163
Motor speed, steer 60, 0
{h163}
{h163}
time: 1586797191.95196
raw L/L:22.2764/6.8879
raw hdg: 163
raw speed: 0.48
motion x [[-5.77077298e+02]
 [ 2.25691439e+03]
 [ 5.20644942e+00]
 [ 3.84532589e-01]]
motion u [[ 0.48      ]
 [-0.01743757]]
cov matrix  [[ 2.90138990e-01 -2.56340431e-01  1.40075314e-02  2.14474924e-01]
 [-2.56340431e-01  6.32843288e-01  7.75383863e-03 -4.29192513e-01]
 [ 1.40075314e-02  7.75383863e-03  6.05624141e-03  6.78992796e-04]
 [ 2.14474924e-01 -4.29192513e-01  6.78992796e-04  1.60325158e+00]]
eigs [0.1531537  0.76982858] [[-0.88196635  0.47131237]
 [-0.47131237 -0.88196635]]
error ellipse 0.39134856709569904 0.877398755877031
angle 208.11951900866768
filtered L/L:22.27813775679598/6.887843309424471
Filtered hdg: 152.7958019873961
Filtered speed: 0.8000979698537387
{d  5.2}
{h163}
Gps azimuth 175.5}
{c162.8}
{h163}
{ln2.410}
{h163}
{lt5.010}
msg: 09:59:52 {LT22.2707}
msg: 09:59:52 {LN6.8843}
time: 1586797192.9545848
raw L/L:22.2707/6.8843
raw hdg: 163
raw speed: 0.48
motion x [[-5.76622240e+02]
 [ 2.25603275e+03]
 [ 5.18719181e+00]
 [ 8.00097970e-01]]
motion u [[0.48]
 [0.  ]]
cov matrix  [[ 2.82415661e-01 -2.51637191e-01  1.42688900e-02  2.13710181e-01]
 [-2.51637191e-01  6.40474885e-01  7.30439047e-03 -4.29245211e-01]
 [ 1.42688900e-02  7.30439047e-03  6.05761592e-03  7.05334643e-04]
 [ 2.13710181e-01 -4.29245211e-01  7.05334643e-04  1.60255658e+00]]
eigs [0.15262028 0.77027027] [[-0.88873848  0.45841456]
 [-0.45841456 -0.88873848]]
error ellipse 0.3906664521497645 0.8776504251747227
angle 207.2848492060125
filtered L/L:22.27166417654085/6.883979384776821
Filtered hdg: 152.8692519280769
Filtered speed: 0.6359783664065738
{d  4.5}
{h163}
Gps azimuth 179.0}
{c162.8}
{h163}
{ln2.336}
{h163}
{lt5.010}
msg: 09:59:53 {LA1516}
time: 1586797193.955894
raw L/L:22.2707/6.8843
raw hdg: 163
raw speed: 0.48
motion x [[-5.76298768e+02]
 [ 2.25537719e+03]
 [ 5.18590986e+00]
 [ 6.35978366e-01]]
motion u [[0.48]
 [0.  ]]
cov matrix  [[ 2.80052959e-01 -2.50340620e-01  1.43737905e-02  2.15976690e-01]
 [-2.50340620e-01  6.42047243e-01  7.16625784e-03 -4.28018837e-01]
 [ 1.43737905e-02  7.16625784e-03  6.05790646e-03  4.20072298e-04]
 [ 2.15976690e-01 -4.28018837e-01  4.20072298e-04  1.60338286e+00]]
eigs [0.152132  0.7699682] [[-0.89047924  0.45502386]
 [-0.45502386 -0.89047924]]
error ellipse 0.39004102631279675 0.8774783183512241
angle 207.0664697527718
filtered L/L:22.270141338787912/6.883171406547387
Filtered hdg: 152.93632198981294
Filtered speed: 0.28557455822811556
{d  4.4}
{h163}
Gps azimuth 179.8}
{c162.8}
{h163}
{ln2.311}
{h163}
{lt4.974}
msg: 09:59:54 {LT22.2707}
msg: 09:59:54 {LN6.8782}
time: 1586797194.9601014
raw L/L:22.2707/6.8782
raw hdg: 163
raw speed: 0.48
motion x [[-5.76231127e+02]
 [ 2.25522298e+03]
 [ 5.18473927e+00]
 [ 2.85574558e-01]]
motion u [[0.48]
 [0.  ]]
cov matrix  [[ 2.79600197e-01 -2.50469040e-01  1.44000103e-02  2.17159076e-01]
 [-2.50469040e-01  6.42869155e-01  7.19916791e-03 -4.27262403e-01]
 [ 1.44000103e-02  7.19916791e-03  6.05688150e-03  1.61329764e-04]
 [ 2.17159076e-01 -4.27262403e-01  1.61329764e-04  1.60189422e+00]]
eigs [0.15183877 0.77063058] [[-0.89080348  0.45438877]
 [-0.45438877 -0.89080348]]
error ellipse 0.3896649514856581 0.8778556701519734
angle 207.02561374653828
filtered L/L:22.268499758526865/6.881347672862326
Filtered hdg: 152.57349814449594
Filtered speed: 0.31518181130233114
{d  4.2}
{h163}
Gps azimuth 181.9}
{c162.8}
{h163}
{ln2.352}
{h163}
{lt4.974}
msg: 09:59:55 {LT22.2588}
msg: 09:59:55 {LN6.8753}
time: 1586797195.9633322
raw L/L:22.2588/6.8753
raw hdg: 163
raw speed: 0.48
motion x [[-5.76078451e+02]
 [ 2.25505674e+03]
 [ 5.19107174e+00]
 [ 3.15181811e-01]]
motion u [[0.48]
 [0.  ]]
cov matrix  [[ 2.81609308e-01 -2.52026797e-01  1.43749450e-02  2.20655557e-01]
 [-2.52026797e-01  6.40388809e-01  7.32079051e-03 -4.25289005e-01]
 [ 1.43749450e-02  7.32079051e-03  6.05472658e-03 -3.18200671e-05]
 [ 2.20655557e-01 -4.25289005e-01 -3.18200671e-05  1.60229107e+00]]
eigs [0.15164782 0.7703503 ] [[-0.88878856  0.45831747]
 [-0.45831747 -0.88878856]]
error ellipse 0.38941985007839375 0.87769601636205
angle 207.2785900206021
filtered L/L:22.26006231312612/6.876070871511255
Filtered hdg: 152.57192064151633
Filtered speed: 0.7787406779911779
{d  3.4}
{h163}
Gps azimuth 189.8}
{c162.8}
{h163}
{ln2.272}
{h163}
{lt4.974}
msg: 09:59:56 {LA1514}
time: 1586797196.965777
raw L/L:22.2588/6.8753
raw hdg: 163
raw speed: 0.48
motion x [[-5.75636699e+02]
 [ 2.25420231e+03]
 [ 5.19109927e+00]
 [ 7.78740678e-01]]
motion u [[0.48]
 [0.  ]]
cov matrix  [[ 2.82529700e-01 -2.52757794e-01  1.43551151e-02  2.21302548e-01]
 [-2.52757794e-01  6.39163553e-01  7.41934674e-03 -4.25115551e-01]
 [ 1.43551151e-02  7.41934674e-03  6.05159749e-03 -8.73186848e-05]
 [ 2.21302548e-01 -4.25115551e-01 -8.73186848e-05  1.60285005e+00]]
eigs [0.15151925 0.77017401] [[-0.88782506  0.46018112]
 [-0.46018112 -0.88782506]]
error ellipse 0.3892547305526781 0.877595583258012
angle 207.39879543341794
filtered L/L:22.258125820310273/6.874857023683773
Filtered hdg: 152.5739302869752
Filtered speed: 0.3180107053812211
{d  3.2}
{h163}
Gps azimuth 192.2}
{c162.8}
{h163}
{ln2.253}
{h163}
{lt4.967}
msg: 09:59:57 {LT22.2527}
msg: 09:59:57 {LN6.8753}
msg: 09:59:57 {O236}
heading = 162
Motor speed, steer 60, 0
{h162}
{h162}
msg: 09:59:57 {LT22.2422}
msg: 09:59:57 {LN6.8695}
time: 1586797197.9662812
raw L/L:22.2422/6.8695
raw hdg: 162
raw speed: 0.48
motion x [[-5.75535081e+02]
 [ 2.25400621e+03]
 [ 5.19106420e+00]
 [ 3.18010705e-01]]
motion u [[0.48      ]
 [0.01744499]]
cov matrix  [[ 2.88528698e-01 -2.56813649e-01  1.42824117e-02  2.29175309e-01]
 [-2.56813649e-01  6.32711443e-01  7.59362945e-03 -4.21257973e-01]
 [ 1.42824117e-02  7.59362945e-03  6.04785257e-03 -2.12752960e-04]
 [ 2.29175309e-01 -4.21257973e-01 -2.12752960e-04  1.60401965e+00]]
eigs [0.15147821 0.76976193] [[-0.88223422  0.47081077]
 [-0.47081077 -0.88223422]]
error ellipse 0.38920201500218293 0.8773607762225044
angle 208.086938187123
filtered L/L:22.245927005255375/6.867791707521978
Filtered hdg: 151.90417398478246
Filtered speed: 1.0319084353159322
{d  2.3}
{h162}
Gps azimuth 213.6}
{c162.8}
{h162}
{ln2.097}
{h162}
{lt4.967}
{aStby}
{v   0}
{v   0}
msg: 09:59:59 {LT22.2365}
msg: 09:59:59 {LN6.8656}
msg: 10:00:01 {LT22.2365}
msg: 10:00:01 {LN6.8656}
msg: 10:00:01 {LA1539}
msg: 10:00:01 {E0}
msg: 10:00:02 {LT22.2365}
msg: 10:00:02 {LN6.8648}
msg: 10:00:03 {LT22.2365}
msg: 10:00:03 {LN6.8641}
msg: 10:00:04 {LA1559}
msg: 10:00:04 {D2}
{v  10}
{v  10}
msg: 10:00:05 {LT22.2361}
msg: 10:00:05 {LN6.8641}
msg: 10:00:05 {D2}
{v  20}
{v  20}
msg: 10:00:05 {LT22.2358}
msg: 10:00:05 {LN6.8627}
msg: 10:00:06 {D2}
{v  30}
{v  30}
msg: 10:00:06 {D2}
{v  40}
{v  40}
msg: 10:00:06 {D2}
{v  50}
{v  50}
msg: 10:00:07 {LT22.2304}
msg: 10:00:07 {LN6.8594}
msg: 10:00:08 {LT22.2253}
msg: 10:00:08 {LN6.8562}
msg: 10:00:09 {LA1549}
msg: 10:00:09 {D9}
{s  36}
{s  36}
msg: 10:00:10 {LT22.2253}
msg: 10:00:10 {LN6.8483}
msg: 10:00:11 {LT22.2170}
msg: 10:00:11 {LN6.8461}
msg: 10:00:12 {LA1557}
msg: 10:00:12 {O235}
heading = 161
Motor speed, steer 50, 36
{h161}
{h161}
msg: 10:00:13 {LT22.2134}
msg: 10:00:13 {LN6.8461}
msg: 10:00:13 {D5}
{s   0}
{s   0}
msg: 10:00:13 {O252}
heading = 178
Motor speed, steer 50, 0
{h178}
{h178}
msg: 10:00:13 {LT22.2052}
msg: 10:00:13 {LN6.8468}
msg: 10:00:14 {O270}
heading = 196
Motor speed, steer 50, 0
{h196}
{h196}
msg: 10:00:14 {O288}
heading = 214
Motor speed, steer 50, 0
{h214}
{h214}
msg: 10:00:14 {O290}
heading = 216
Motor speed, steer 50, 0
{h216}
{h216}
msg: 10:00:15 {LT22.1962}
msg: 10:00:15 {LN6.8497}
msg: 10:00:17 {LT22.1915}
msg: 10:00:17 {LN6.8526}
msg: 10:00:17 {LA1547}
msg: 10:00:17 {O289}
heading = 215
Motor speed, steer 50, 0
{h215}
{h215}
msg: 10:00:18 {LT22.1915}
msg: 10:00:18 {LN6.8566}
msg: 10:00:19 {LT22.1825}
msg: 10:00:19 {LN6.8587}
msg: 10:00:20 {LA1542}
msg: 10:00:21 {LT22.1774}
msg: 10:00:21 {LN6.8587}
msg: 10:00:21 {O288}
heading = 214
Motor speed, steer 50, 0
{h214}
{h214}
msg: 10:00:21 {LT22.1677}
msg: 10:00:21 {LN6.8638}
msg: 10:00:23 {LT22.1580}
msg: 10:00:23 {LN6.8702}
msg: 10:00:23 {D6}
{s   5}
{s   5}
msg: 10:00:24 {LT22.1537}
msg: 10:00:24 {LN6.8731}
msg: 10:00:25 {LA1518}
msg: 10:00:26 {LT22.1537}
msg: 10:00:26 {LN6.8778}
msg: 10:00:27 {LT22.1454}
msg: 10:00:27 {LN6.8807}
msg: 10:00:28 {LA1515}
msg: 10:00:28 {O292}
heading = 218
Motor speed, steer 50, 5
{h218}
{h218}
msg: 10:00:29 {LT22.1414}
msg: 10:00:29 {LN6.8807}
msg: 10:00:29 {O297}
heading = 223
Motor speed, steer 50, 5
{h223}
{h223}
msg: 10:00:29 {LT22.1346}
msg: 10:00:29 {LN6.8872}
msg: 10:00:30 {LA1514}
msg: 10:00:30 {O301}
heading = 227
Motor speed, steer 50, 5
{h227}
{h227}
msg: 10:00:30 {O305}
heading = 231
Motor speed, steer 50, 5
{h231}
{h231}
msg: 10:00:30 {O306}
heading = 232
Motor speed, steer 50, 5
{h232}
{h232}
msg: 10:00:31 {O307}
heading = 233
Motor speed, steer 50, 5
{h233}
{h233}
msg: 10:00:31 {LT22.1278}
msg: 10:00:31 {LN6.8962}
msg: 10:00:32 {O308}
heading = 234
Motor speed, steer 50, 5
{h234}
{h234}
msg: 10:00:33 {LT22.1249}
msg: 10:00:33 {LN6.9012}
msg: 10:00:33 {LA1509}
msg: 10:00:33 {D5}
{s   0}
{s   0}
msg: 10:00:33 {O310}
heading = 236
Motor speed, steer 50, 0
{h236}
{h236}
msg: 10:00:34 {LT22.1249}
msg: 10:00:34 {LN6.9098}
msg: 10:00:34 {O311}
heading = 237
Motor speed, steer 50, 0
{h237}
{h237}
msg: 10:00:35 {LT22.1191}
msg: 10:00:35 {LN6.9152}
msg: 10:00:36 {O314}
heading = 240
Motor speed, steer 50, 0
{h240}
{h240}
msg: 10:00:37 {LT22.1170}
msg: 10:00:37 {LN6.9239}
msg: 10:00:38 {LT22.1126}
msg: 10:00:38 {LN6.9286}
msg: 10:00:39 {O315}
heading = 241
Motor speed, steer 50, 0
{h241}
{h241}
msg: 10:00:40 {LT22.1105}
msg: 10:00:40 {LN6.9286}
msg: 10:00:40 {LT22.1058}
msg: 10:00:40 {LN6.9376}
msg: 10:00:42 {LT22.1008}
msg: 10:00:42 {LN6.9487}
msg: 10:00:44 {LT22.0982}
msg: 10:00:44 {LN6.9541}
msg: 10:00:44 {LA1477}
msg: 10:00:45 {LT22.0982}
msg: 10:00:45 {LN6.9649}
msg: 10:00:46 {LT22.0925}
msg: 10:00:46 {LN6.9700}
msg: 10:00:47 {LA1508}
msg: 10:00:48 {LT22.0896}
msg: 10:00:48 {LN6.9700}
msg: 10:00:48 {O314}
heading = 240
Motor speed, steer 50, 0
{h240}
{h240}
msg: 10:00:48 {LT22.0838}
msg: 10:00:48 {LN6.9797}
msg: 10:00:49 {O315}
heading = 241
Motor speed, steer 50, 0
{h241}
{h241}
msg: 10:00:50 {LT22.0792}
msg: 10:00:50 {LN6.9887}
msg: 10:00:51 {LT22.0766}
msg: 10:00:51 {LN6.9926}
msg: 10:00:52 {LA1594}
msg: 10:00:53 {LT22.0766}
msg: 10:00:53 {LN7.0027}
msg: 10:00:54 {LT22.0716}
msg: 10:00:54 {LN7.0063}
msg: 10:00:55 {LA1603}
msg: 10:00:56 {LT22.0684}
msg: 10:00:56 {LN7.0063}
msg: 10:00:56 {LT22.0626}
msg: 10:00:56 {LN7.0178}
msg: 10:00:57 {O316}
heading = 242
Motor speed, steer 50, 0
{h242}
{h242}
msg: 10:00:57 {O315}
heading = 241
Motor speed, steer 50, 0
{h241}
{h241}
msg: 10:00:58 {LT22.0572}
msg: 10:00:58 {LN7.0304}
msg: 10:00:58 {D1}
{s  -1}
{s  -1}
msg: 10:01:00 {LT22.0554}
msg: 10:01:00 {LN7.0366}
msg: 10:01:00 {LA1575}
msg: 10:01:00 {O316}
heading = 242
Motor speed, steer 50, -1
{h242}
{h242}
msg: 10:01:01 {LT22.0554}
msg: 10:01:01 {LN7.0492}
msg: 10:01:01 {D1}
{s  -2}
{s  -2}
msg: 10:01:01 {O315}
heading = 241
Motor speed, steer 50, -2
{h241}
{h241}
msg: 10:01:02 {LT22.0514}
msg: 10:01:02 {LN7.0549}
msg: 10:01:03 {LA1552}
msg: 10:01:03 {D1}
{s  -3}
{s  -3}
msg: 10:01:04 {LT22.0496}
msg: 10:01:04 {LN7.0549}
msg: 10:01:04 {O314}
heading = 240
Motor speed, steer 50, -3
{h240}
{h240}
msg: 10:01:04 {LT22.0453}
msg: 10:01:04 {LN7.0654}
msg: 10:01:05 {O313}
heading = 239
Motor speed, steer 50, -3
{h239}
{h239}
msg: 10:01:05 {O310}
heading = 236
Motor speed, steer 50, -3
{h236}
{h236}
msg: 10:01:06 {LT22.0410}
msg: 10:01:06 {LN7.0765}
msg: 10:01:06 {O309}
heading = 235
Motor speed, steer 50, -3
{h235}
{h235}
msg: 10:01:07 {LT22.0388}
msg: 10:01:07 {LN7.0823}
msg: 10:01:08 {LA1520}
msg: 10:01:09 {LT22.0388}
msg: 10:01:09 {LN7.0938}
msg: 10:01:09 {D4}
{s  -8}
{s  -8}
msg: 10:01:09 {O307}
heading = 233
Motor speed, steer 50, -8
{h233}
{h233}
msg: 10:01:10 {LT22.0331}
msg: 10:01:10 {LN7.0981}
msg: 10:01:11 {LA1522}
msg: 10:01:11 {D5}
{s   0}
{s   0}
msg: 10:01:11 {O304}
heading = 230
Motor speed, steer 50, 0
{h230}
{h230}
msg: 10:01:12 {LT22.0309}
msg: 10:01:12 {LN7.0981}
msg: 10:01:12 {O301}
heading = 227
Motor speed, steer 50, 0
{h227}
{h227}
msg: 10:01:12 {LT22.0262}
msg: 10:01:12 {LN7.1057}
msg: 10:01:13 {O295}
heading = 221
Motor speed, steer 50, 0
{h221}
{h221}
msg: 10:01:13 {D3}
{s   1}
{s   1}
msg: 10:01:14 {LT22.0216}
msg: 10:01:14 {LN7.1158}
msg: 10:01:14 {D3}
{s   2}
{s   2}
msg: 10:01:16 {LT22.0183}
msg: 10:01:16 {LN7.1186}
msg: 10:01:16 {LA1509}
msg: 10:01:17 {LT22.0183}
msg: 10:01:17 {LN7.1266}
msg: 10:01:18 {LT22.0115}
msg: 10:01:18 {LN7.1316}
msg: 10:01:19 {LA1503}
msg: 10:01:19 {D5}
{s   0}
{s   0}
msg: 10:01:19 {O296}
heading = 222
Motor speed, steer 50, 0
{h222}
{h222}
msg: 10:01:20 {LT22.0093}
msg: 10:01:20 {LN7.1316}
msg: 10:01:20 {O298}
heading = 224
Motor speed, steer 50, 0
{h224}
{h224}
msg: 10:01:20 {LT22.0028}
msg: 10:01:20 {LN7.1399}
msg: 10:01:21 {O299}
heading = 225
Motor speed, steer 50, 0
{h225}
{h225}
msg: 10:01:22 {LT21.9974}
msg: 10:01:22 {LN7.1478}
msg: 10:01:23 {LT21.9942}
msg: 10:01:23 {LN7.1518}
msg: 10:01:24 {LA1502}
msg: 10:01:25 {LT21.9942}
msg: 10:01:25 {LN7.1593}
msg: 10:01:25 {O298}
heading = 224
Motor speed, steer 50, 0
{h224}
{h224}
msg: 10:01:26 {LT21.9888}
msg: 10:01:26 {LN7.1629}
msg: 10:01:27 {LA1501}
msg: 10:01:28 {LT21.9870}
msg: 10:01:28 {LN7.1629}
msg: 10:01:28 {D1}
{s  -1}
{s  -1}
msg: 10:01:28 {O297}
heading = 223
Motor speed, steer 50, -1
{h223}
{h223}
msg: 10:01:28 {LT21.9812}
msg: 10:01:28 {LN7.1687}
msg: 10:01:29 {D1}
{s  -2}
{s  -2}
msg: 10:01:29 {O296}
heading = 222
Motor speed, steer 50, -2
{h222}
{h222}
msg: 10:01:29 {D1}
{s  -3}
{s  -3}
msg: 10:01:29 {D1}
{s  -4}
{s  -4}
msg: 10:01:29 {D1}
{s  -5}
{s  -5}
msg: 10:01:29 {D1}
{s  -6}
{s  -6}
msg: 10:01:30 {LT21.9748}
msg: 10:01:30 {LN7.1759}
msg: 10:01:30 {D1}
{s  -7}
{s  -7}
msg: 10:01:30 {O295}
heading = 221
Motor speed, steer 50, -7
{h221}
{h221}
msg: 10:01:31 {LT21.9719}
msg: 10:01:31 {LN7.1795}
msg: 10:01:32 {LA1509}
msg: 10:01:32 {D5}
{s   0}
{s   0}
msg: 10:01:32 {O294}
heading = 220
Motor speed, steer 50, 0
{h220}
{h220}
msg: 10:01:33 {LT21.9719}
msg: 10:01:33 {LN7.1834}
msg: 10:01:33 {O291}
heading = 217
Motor speed, steer 50, 0
{h217}
{h217}
msg: 10:01:34 {LT21.9668}
msg: 10:01:34 {LN7.1870}
msg: 10:01:35 {LA1521}
msg: 10:01:35 {D0}
{v   0}
{v   0}
msg: 10:01:35 {O284}
heading = 210
Motor speed, steer 0, 0
{h210}
{h210}
msg: 10:01:36 {LT21.9640}
msg: 10:01:36 {LN7.1870}
msg: 10:01:36 {O285}
heading = 211
Motor speed, steer 0, 0
{h211}
{h211}
msg: 10:01:36 {LT21.9560}
msg: 10:01:36 {LN7.1867}
msg: 10:01:37 {O284}
heading = 210
Motor speed, steer 0, 0
{h210}
{h210}
msg: 10:01:38 {LT21.9524}
msg: 10:01:38 {LN7.1867}
msg: 10:01:40 {LT21.9514}
msg: 10:01:40 {LN7.1867}
msg: 10:01:40 {LA1548}
msg: 10:01:41 {LT21.9514}
msg: 10:01:41 {LN7.1852}
msg: 10:01:42 {LT21.9478}
msg: 10:01:42 {LN7.1816}
msg: 10:01:44 {LT21.9424}
msg: 10:01:44 {LN7.1665}
msg: 10:01:44 {O273}
heading = 199
Motor speed, steer 0, 0
{h199}
{h199}
msg: 10:01:45 {LT21.9384}
msg: 10:01:45 {LN7.1644}
msg: 10:01:46 {O274}
heading = 200
Motor speed, steer 0, 0
{h200}
{h200}
msg: 10:01:47 {LT21.9359}
msg: 10:01:47 {LN7.1644}
msg: 10:01:47 {O280}
heading = 206
Motor speed, steer 0, 0
{h206}
{h206}
msg: 10:01:47 {LT21.9355}
msg: 10:01:47 {LN7.1640}
msg: 10:01:48 {LA1636}
msg: 10:01:49 {LT21.9352}
msg: 10:01:49 {LN7.1640}
msg: 10:01:51 {LT21.9344}
msg: 10:01:51 {LN7.1633}
msg: 10:01:51 {LA1608}
msg: 10:01:52 {LT21.9344}
msg: 10:01:52 {LN7.1633}
msg: 10:01:53 {LT21.9330}
msg: 10:01:53 {LN7.1633}
msg: 10:01:54 {LA1592}
msg: 10:01:55 {LT21.9326}
msg: 10:01:55 {LN7.1633}
msg: 10:01:55 {LT21.9319}
msg: 10:01:55 {LN7.1633}
msg: 10:01:57 {LT21.9308}
msg: 10:01:57 {LN7.1640}
msg: 10:01:58 {LT21.9305}
msg: 10:01:58 {LN7.1640}
msg: 10:01:59 {LA1567}
msg: 10:02:00 {LT21.9305}
msg: 10:02:00 {LN7.1644}
msg: 10:02:01 {LT21.9305}
msg: 10:02:01 {LN7.1647}
msg: 10:02:02 {LA1566}
Stopped
Traceback (most recent call last):
  File "/home/pi/bttyrover.py", line 317, in <module>
    while (tty.inWaiting() > 0):                         # read characters from slave
  File "/usr/lib/python3/dist-packages/serial/serialutil.py", line 590, in inWaiting
    return self.in_waiting
  File "/usr/lib/python3/dist-packages/serial/serialposix.py", line 467, in in_waiting
    s = fcntl.ioctl(self.fd, TIOCINQ, TIOCM_zero_str)
  File "/usr/lib/python3/dist-packages/thonny/backend.py", line 346, in signal_handler
    raise KeyboardInterrupt("Execution interrupted")
KeyboardInterrupt: Execution interrupted
>>> 
